L = 12 * 0.3048;
f = 0.04;
ID = (.25 - 0.07)*0.0254;

p1 = 800;
% T1 = 290;
p0 = 2200;
k = 1.4; % air
% k = 1.288; %CO2
% k = 1.405; %H2
% k = 1.667; %Ar
% k = 1.303; %CH4

% T0 = T1*(p0/p1)^((k-1)/k);

% M1 = sqrt(2*(T0-T1)/(k-1)/T1)
M1 = sqrt(2*((p0/p1)^((k-1)/k)-1)/(k-1))